1 0.2175 0.36000000000000004 0.11 0.08333333333333334
1 0.13875 0.7083333333333334 0.0775 0.06333333333333334
1 0.2775 0.6958333333333334 0.1675 0.10833333333333334
0 0.6168750000000001 0.6058333333333333 0.09875 0.09833333333333334
1 0.288125 0.615 0.23625000000000002 0.07333333333333333
1 0.15 0.8525 0.1 0.06166666666666667
0 0.8875000000000001 0.18916666666666668 0.1275 0.125
1 0.08 0.5716666666666667 0.0775 0.12333333333333334
1 0.62375 0.7775000000000001 0.03 0.09166666666666667
0 0.60875 0.4758333333333334 0.10250000000000001 0.14166666666666666
0 0.93 0.385 0.035 0.07
