1 0.50625 0.5625 0.1375 0.2916666666666667
1 0.38375000000000004 0.8466666666666667 0.165 0.07666666666666667
1 0.615625 0.8008333333333334 0.06375 0.19833333333333333
1 0.695625 0.7166666666666667 0.04125 0.043333333333333335
1 0.699375 0.8316666666666667 0.13875 0.06666666666666667
1 0.6125 0.4891666666666667 0.0525 0.06166666666666667
1 0.71 0.4091666666666667 0.2275 0.07166666666666667
1 0.65625 0.28250000000000003 0.11750000000000001 0.18166666666666667
1 0.86375 0.2783333333333334 0.07 0.07666666666666667
1 0.754375 0.21583333333333335 0.05375 0.085
1 0.8093750000000001 0.7008333333333334 0.03125 0.04833333333333334
1 0.414375 0.1991666666666667 0.06375 0.08166666666666667
1 0.22875 0.18583333333333335 0.07 0.045000000000000005
1 0.18125 0.25833333333333336 0.0525 0.04666666666666667
1 0.524375 0.8208333333333334 0.05375 0.06166666666666667
