1 0.64453125 0.6966145833333333 0.046875 0.0703125
1 0.53466796875 0.7057291666666666 0.0322265625 0.03125
1 0.60888671875 0.7200520833333333 0.0224609375 0.03125
1 0.36376953125 0.7825520833333333 0.0361328125 0.0390625
1 0.47705078125 0.8287760416666666 0.0400390625 0.02734375
1 0.5419921875 0.822265625 0.0234375 0.03515625
1 0.59814453125 0.82421875 0.0244140625 0.0546875
1 0.53759765625 0.8899739583333333 0.0869140625 0.03515625
1 0.4609375 0.9322916666666666 0.02734375 0.03125
2 0.1328125 0.794921875 0.029296875 0.03515625
0 0.27685546875 0.904296875 0.1396484375 0.10026041666666666
1 0.52685546875 0.44010416666666663 0.0361328125 0.033854166666666664
