1 0.246875 0.3166666666666667 0.09375 0.09333333333333334
0 0.61875 0.615 0.0975 0.09333333333333334
1 0.248125 0.5983333333333334 0.19875 0.08333333333333334
1 0.36 0.49500000000000005 0.125 0.12333333333333334
1 0.160625 0.4741666666666667 0.05375 0.09833333333333334
1 0.2025 0.41500000000000004 0.0625 0.060000000000000005
1 0.20375000000000001 0.6933333333333334 0.0725 0.060000000000000005
0 0.945625 0.20333333333333334 0.09875 0.14666666666666667
0 0.6481250000000001 0.7991666666666667 0.03125 0.07166666666666667
1 0.49125 0.4766666666666667 0.08 0.06666666666666667
1 0.296875 0.54 0.16875 0.08333333333333334
