0 0.2475 0.4554166666666667 0.06875 0.1525
0 0.555625 0.5783333333333334 0.16875 0.17
0 0.1709375 0.3408333333333334 0.095625 0.05333333333333334
1 0.3515625 0.47500000000000003 0.069375 0.05166666666666667
1 0.4453125 0.50875 0.085625 0.05416666666666667
2 0.26156250000000003 0.3554166666666667 0.106875 0.09250000000000001
0 0.234375 0.5120833333333333 0.065 0.05583333333333334
2 0.1146875 0.5154166666666667 0.029375000000000002 0.05583333333333334
2 0.115625 0.6508333333333334 0.03125 0.06833333333333334
1 0.149375 0.7262500000000001 0.058750000000000004 0.060833333333333336
