0 0.517578125 0.5071614583333333 0.21484375 0.33463541666666663
2 0.3369140625 0.6979166666666666 0.19921875 0.2864583333333333
1 0.4599609375 0.75390625 0.0703125 0.07291666666666666
1 0.55078125 0.765625 0.068359375 0.0390625
1 0.501953125 0.802734375 0.0703125 0.06380208333333333
1 0.37744140625 0.8528645833333333 0.0380859375 0.0703125
1 0.4375 0.87109375 0.052734375 0.09375
1 0.66845703125 0.2708333333333333 0.0400390625 0.0703125
1 0.6806640625 0.4016927083333333 0.07421875 0.04817708333333333
1 0.2490234375 0.7825520833333333 0.056640625 0.057291666666666664
1 0.22119140625 0.9264322916666666 0.1416015625 0.11588541666666666
1 0.3994140625 0.9264322916666666 0.03515625 0.04296875
1 0.8037109375 0.49283854166666663 0.021484375 0.05859375
