0 0.728515625 0.24869791666666666 0.263671875 0.3098958333333333
0 0.49462890625 0.76953125 0.0849609375 0.21614583333333331
1 0.34130859375 0.6868489583333333 0.0517578125 0.05078125
0 0.59716796875 0.7154947916666666 0.0537109375 0.11588541666666666
1 0.654296875 0.7154947916666666 0.056640625 0.22005208333333331
1 0.92041015625 0.6712239583333333 0.0517578125 0.05859375
2 0.40771484375 0.306640625 0.3388671875 0.28515625
2 0.1611328125 0.36783854166666663 0.083984375 0.30078125
1 0.4931640625 0.9498697916666666 0.087890625 0.07161458333333333
0 0.76318359375 0.525390625 0.0419921875 0.05598958333333333
