2 0.48681640625 0.5403645833333333 0.2333984375 0.17447916666666666
1 0.51953125 0.416015625 0.05078125 0.06901041666666666
2 0.724609375 0.15885416666666666 0.16796875 0.1953125
1 0.31591796875 0.21484375 0.0771484375 0.14583333333333331
1 0.513671875 0.67578125 0.16015625 0.10677083333333333
1 0.76953125 0.3665364583333333 0.0625 0.06640625
1 0.544921875 0.8541666666666666 0.05078125 0.06770833333333333
1 0.63427734375 0.5384114583333333 0.0537109375 0.06901041666666666
1 0.1943359375 0.07356770833333333 0.07421875 0.09505208333333333
1 0.326171875 0.059244791666666664 0.052734375 0.05859375
1 0.41455078125 0.8001302083333333 0.1298828125 0.16796875
1 0.63818359375 0.7805989583333333 0.0595703125 0.06901041666666666
