2 0.50341796875 0.5872395833333333 0.1923828125 0.18489583333333331
1 0.67578125 0.49869791666666663 0.1640625 0.049479166666666664
1 0.10498046875 0.7727864583333333 0.2099609375 0.24088541666666666
1 0.8837890625 0.19986979166666666 0.080078125 0.15494791666666666
1 0.125 0.24674479166666666 0.123046875 0.07161458333333333
1 0.2373046875 0.2734375 0.05078125 0.0546875
1 0.81591796875 0.23567708333333331 0.0791015625 0.09375
1 0.833984375 0.392578125 0.107421875 0.15234375
1 0.64501953125 0.22981770833333331 0.0634765625 0.07942708333333333
1 0.10693359375 0.55078125 0.2001953125 0.07552083333333333
1 0.62451171875 0.6608072916666666 0.1845703125 0.11328125
1 0.23779296875 0.833984375 0.0908203125 0.06901041666666666
