1 0.3929738562091503 0.11764705882352941 0.2107843137254902 0.10784313725490197
1 0.494281045751634 0.21568627450980393 0.119281045751634 0.08823529411764705
1 0.5089869281045751 0.29901960784313725 0.14215686274509803 0.0784313725490196
1 0.28758169934640526 0.4840686274509804 0.07189542483660132 0.08088235294117647
1 0.39215686274509803 0.571078431372549 0.09150326797385622 0.06862745098039216
1 0.33251633986928103 0.6617647058823529 0.03104575163398693 0.08823529411764705
1 0.47385620915032683 0.6654411764705882 0.06209150326797386 0.051470588235294115
1 0.477124183006536 0.7561274509803921 0.05555555555555556 0.07598039215686274
1 0.4673202614379085 0.8308823529411764 0.05555555555555556 0.044117647058823525
1 0.17238562091503268 0.7757352941176471 0.07352941176470588 0.061274509803921566
1 0.07189542483660132 0.5355392156862745 0.06209150326797386 0.051470588235294115
1 0.04738562091503268 0.9485294117647058 0.09150326797385622 0.09803921568627451
1 0.26062091503267976 0.9620098039215687 0.07026143790849673 0.056372549019607844
