1 0.49836601307189543 0.4863157894736842 0.18627450980392157 0.13473684210526315
1 0.6168300653594772 0.6094736842105263 0.10294117647058824 0.035789473684210524
1 0.6176470588235294 0.27157894736842103 0.06862745098039216 0.07578947368421052
1 0.37663398692810457 0.22842105263157894 0.09640522875816994 0.061052631578947365
1 0.46568627450980393 0.20210526315789473 0.05228758169934641 0.05894736842105263
1 0.6707516339869282 0.8073684210526315 0.06045751633986928 0.06526315789473684
1 0.5334967320261438 0.851578947368421 0.08006535947712419 0.04421052631578947
1 0.4223856209150327 0.8863157894736842 0.08006535947712419 0.05052631578947368
1 0.6266339869281046 0.1231578947368421 0.04411764705882353 0.056842105263157895
1 0.25163398692810457 0.8178947368421052 0.19607843137254902 0.061052631578947365
