1 0.2238562091503268 0.4827586206896552 0.16666666666666669 0.15270935960591134
1 0.2965686274509804 0.6268472906403941 0.12908496732026145 0.13054187192118227
1 0.2107843137254902 0.645320197044335 0.09150326797385622 0.09852216748768473
1 0.06454248366013073 0.4618226600985222 0.12254901960784315 0.0812807881773399
1 0.5236928104575164 0.6317733990147784 0.08006535947712419 0.08620689655172414
1 0.798202614379085 0.46921182266009853 0.08333333333333334 0.06157635467980296
1 0.9281045751633987 0.43596059113300495 0.058823529411764705 0.08866995073891626
1 0.8194444444444444 0.5800492610837439 0.07352941176470588 0.09113300492610837
1 0.40931372549019607 0.8669950738916257 0.06045751633986928 0.12315270935960591
1 0.44526143790849676 0.9495073891625616 0.05392156862745098 0.09605911330049262
1 0.5678104575163399 0.9519704433497537 0.07352941176470588 0.09113300492610837
1 0.7957516339869282 0.7536945812807881 0.10130718954248366 0.07389162561576355
1 0.4812091503267974 0.027093596059113302 0.04738562091503268 0.03940886699507389
1 0.6282679738562091 0.09852216748768473 0.04738562091503268 0.04433497536945813
1 0.12990196078431374 0.33620689655172414 0.057189542483660136 0.0665024630541872
