0 0.6533149171270718 0.5767857142857142 0.21270718232044197 0.08928571428571429
0 0.4488950276243094 0.5678571428571428 0.06906077348066297 0.17142857142857143
0 0.3770718232044199 0.6482142857142857 0.06353591160220995 0.175
0 0.5787292817679558 0.7946428571428571 0.1464088397790055 0.09642857142857142
0 0.2859116022099447 0.48928571428571427 0.04696132596685083 0.10714285714285714
0 0.19751381215469613 0.5732142857142857 0.12430939226519336 0.08214285714285714
0 0.31077348066298344 0.7482142857142857 0.052486187845303865 0.05357142857142857
0 0.44337016574585636 0.3857142857142857 0.09116022099447513 0.049999999999999996
0 0.5386740331491713 0.46964285714285714 0.049723756906077346 0.075
0 0.6160220994475137 0.3964285714285714 0.07734806629834254 0.07142857142857142
0 0.7638121546961326 0.41785714285714287 0.058011049723756904 0.09999999999999999
0 0.7872928176795579 0.7892857142857143 0.08839779005524862 0.09999999999999999
1 0.9240331491712707 0.7196428571428571 0.06906077348066297 0.09642857142857142
1 0.255524861878453 0.8339285714285714 0.10773480662983426 0.08928571428571429
1 0.2845303867403315 0.3482142857142857 0.08839779005524862 0.06785714285714285
