1 0.3516666666666667 0.41500000000000004 0.15333333333333335 0.08
1 0.3716666666666667 0.5 0.2366666666666667 0.135
1 0.20833333333333334 0.51625 0.07666666666666667 0.0675
1 0.12416666666666668 0.6637500000000001 0.13833333333333334 0.0825
1 0.21083333333333334 0.58125 0.11166666666666668 0.0575
1 0.335 0.68625 0.03333333333333333 0.14250000000000002
1 0.13333333333333333 0.71375 0.1 0.0425
1 0.05166666666666667 0.59875 0.09333333333333334 0.0525
1 0.10833333333333334 0.5125 0.12000000000000001 0.06
1 0.225 0.67375 0.043333333333333335 0.0925
1 0.41583333333333333 0.635 0.045000000000000005 0.09
