1 0.5448717948717948 0.39464285714285713 0.0641025641025641 0.039285714285714285
1 0.632051282051282 0.45357142857142857 0.13076923076923078 0.08571428571428572
1 0.6576923076923077 0.3625 0.05384615384615385 0.04642857142857143
0 0.6602564102564102 0.23392857142857143 0.13076923076923078 0.20357142857142857
1 0.5282051282051282 0.14821428571428572 0.06153846153846154 0.10357142857142856
1 0.5256410256410257 0.5035714285714286 0.09743589743589744 0.10714285714285714
1 0.5974358974358974 0.6910714285714286 0.05641025641025641 0.21071428571428572
1 0.2551282051282051 0.5857142857142857 0.04358974358974359 0.04285714285714286
1 0.041025641025641026 0.5910714285714286 0.041025641025641026 0.08214285714285714
1 0.4666666666666667 0.8589285714285714 0.03076923076923077 0.05357142857142857
1 0.5884615384615385 0.8339285714285714 0.038461538461538464 0.05357142857142857
