1 0.646484375 0.12955729166666666 0.064453125 0.045572916666666664
1 0.31396484375 0.689453125 0.0419921875 0.04036458333333333
1 0.361328125 0.6614583333333333 0.037109375 0.03645833333333333
1 0.60791015625 0.609375 0.0673828125 0.028645833333333332
1 0.75537109375 0.6451822916666666 0.1005859375 0.061197916666666664
1 0.80078125 0.6217447916666666 0.0703125 0.10286458333333333
1 0.4892578125 0.7819010416666666 0.056640625 0.037760416666666664
1 0.47314453125 0.91015625 0.0556640625 0.03645833333333333
1 0.60791015625 0.7779947916666666 0.0302734375 0.053385416666666664
1 0.697265625 0.7994791666666666 0.04296875 0.08333333333333333
1 0.62841796875 0.8274739583333333 0.1083984375 0.04296875
1 0.58837890625 0.87109375 0.1513671875 0.033854166666666664
1 0.22021484375 0.552734375 0.0400390625 0.037760416666666664
0 0.21044921875 0.8092447916666666 0.1708984375 0.17838541666666666
2 0.0283203125 0.5989583333333333 0.03515625 0.046875
2 0.7578125 0.556640625 0.23046875 0.06901041666666666
