1 0.4111328125 0.43229166666666663 0.203125 0.06770833333333333
1 0.7412109375 0.4192708333333333 0.201171875 0.07291666666666666
1 0.77197265625 0.47330729166666663 0.0439453125 0.037760416666666664
1 0.1162109375 0.65625 0.041015625 0.046875
1 0.171875 0.6028645833333333 0.16015625 0.0390625
1 0.41015625 0.6569010416666666 0.171875 0.11328125
1 0.22412109375 0.8860677083333333 0.0419921875 0.04036458333333333
1 0.40576171875 0.8307291666666666 0.0517578125 0.03125
1 0.45849609375 0.8619791666666666 0.0302734375 0.0390625
1 0.908203125 0.4954427083333333 0.0390625 0.06380208333333333
