2 0.2333984375 0.525390625 0.09375 0.16536458333333331
2 0.2607421875 0.44921875 0.158203125 0.23958333333333331
1 0.38330078125 0.31510416666666663 0.0498046875 0.06510416666666666
1 0.421875 0.4485677083333333 0.158203125 0.07942708333333333
1 0.47119140625 0.38346354166666663 0.0966796875 0.05078125
1 0.5166015625 0.5455729166666666 0.142578125 0.06770833333333333
1 0.74951171875 0.697265625 0.1083984375 0.11848958333333333
1 0.82373046875 0.7115885416666666 0.0888671875 0.07421875
1 0.966796875 0.6985677083333333 0.064453125 0.05078125
1 0.265625 0.662109375 0.0859375 0.07682291666666666
1 0.20263671875 0.646484375 0.0244140625 0.061197916666666664
