1 0.63037109375 0.48046875 0.2568359375 0.0625
0 0.63525390625 0.40625 0.1162109375 0.09114583333333333
1 0.62548828125 0.5592447916666666 0.0556640625 0.04036458333333333
1 0.8056640625 0.5716145833333333 0.083984375 0.06770833333333333
2 0.26171875 0.6829427083333333 0.27734375 0.13932291666666666
1 0.2041015625 0.783203125 0.109375 0.05078125
1 0.36572265625 0.7701822916666666 0.1201171875 0.10026041666666666
1 0.49755859375 0.6647135416666666 0.0576171875 0.05078125
1 0.70947265625 0.5540364583333333 0.0263671875 0.04036458333333333
0 0.52490234375 0.498046875 0.1455078125 0.10546875
