2 0.38515625000000003 0.7375 0.1453125 0.2625
2 0.22734375 0.853125 0.07968750000000001 0.07708333333333334
1 0.54140625 0.5177083333333333 0.06406250000000001 0.06458333333333333
1 0.64765625 0.596875 0.08281250000000001 0.13541666666666666
1 0.73984375 0.6114583333333333 0.060937500000000006 0.07291666666666667
1 0.8812500000000001 0.6302083333333334 0.046875 0.05625
1 0.8515625 0.54375 0.05625 0.05416666666666667
1 0.86640625 0.46249999999999997 0.26406250000000003 0.09166666666666666
1 0.9625 0.55625 0.06875 0.05
1 0.96640625 0.6385416666666667 0.06406250000000001 0.05625
1 0.53671875 0.6520833333333333 0.0546875 0.041666666666666664
