1 0.07734375 0.48854166666666665 0.13593750000000002 0.29375
1 0.30390625000000004 0.58125 0.2015625 0.2708333333333333
1 0.58125 0.8291666666666666 0.23750000000000002 0.20833333333333334
1 0.5578125 0.4635416666666667 0.140625 0.19375
1 0.23671875 0.15104166666666666 0.4546875 0.09791666666666667
1 0.17734375000000002 0.33125 0.1015625 0.1
1 0.35234375 0.290625 0.0859375 0.08125
1 0.4109375 0.765625 0.246875 0.16041666666666665
1 0.82421875 0.665625 0.1046875 0.07291666666666667
0 0.10625000000000001 0.5489583333333333 0.08750000000000001 0.14375
1 0.13515625 0.3885416666666667 0.1921875 0.41041666666666665
1 0.240625 0.7958333333333333 0.08125 0.12083333333333333
