1 0.2548828125 0.3196614583333333 0.0546875 0.14192708333333331
1 0.36865234375 0.3841145833333333 0.1279296875 0.30729166666666663
1 0.58203125 0.3001302083333333 0.134765625 0.14453125
1 0.7978515625 0.380859375 0.287109375 0.06901041666666666
2 0.4345703125 0.7864583333333333 0.068359375 0.09635416666666666
1 0.54736328125 0.5989583333333333 0.2060546875 0.1484375
1 0.919921875 0.6829427083333333 0.0390625 0.053385416666666664
1 0.58349609375 0.8671875 0.2158203125 0.09375
1 0.81396484375 0.24283854166666666 0.0458984375 0.05078125
1 0.52587890625 0.8098958333333333 0.0654296875 0.06510416666666666
1 0.765625 0.837890625 0.107421875 0.053385416666666664
