1 0.2587890625 0.080078125 0.158203125 0.04296875
1 0.685546875 0.2552083333333333 0.06640625 0.05989583333333333
1 0.89599609375 0.22981770833333331 0.2060546875 0.08984375
1 0.94189453125 0.33268229166666663 0.1142578125 0.06380208333333333
1 0.75634765625 0.5924479166666666 0.0595703125 0.08072916666666666
1 0.18798828125 0.27408854166666663 0.1748046875 0.07942708333333333
1 0.40625 0.40104166666666663 0.373046875 0.14322916666666666
1 0.40869140625 0.5123697916666666 0.6259765625 0.21744791666666666
1 0.52001953125 0.6686197916666666 0.2392578125 0.16276041666666666
1 0.6376953125 0.7701822916666666 0.177734375 0.16796875
1 0.744140625 0.69140625 0.06640625 0.05208333333333333
1 0.87158203125 0.7115885416666666 0.2548828125 0.16536458333333331
