1 0.19526143790849673 0.6004901960784313 0.20751633986928106 0.23529411764705882
1 0.33905228758169936 0.5906862745098039 0.10620915032679738 0.1715686274509804
1 0.4714052287581699 0.47058823529411764 0.13562091503267976 0.0784313725490196
1 0.7834967320261438 0.4424019607843137 0.17483660130718956 0.30637254901960786
1 0.9035947712418301 0.258578431372549 0.05228758169934641 0.056372549019607844
1 0.6282679738562091 0.4767156862745098 0.1388888888888889 0.26715686274509803
0 0.6486928104575164 0.27328431372549017 0.10130718954248366 0.1642156862745098
0 0.3700980392156863 0.4178921568627451 0.16176470588235295 0.24754901960784315
0 0.20751633986928106 0.5477941176470588 0.13725490196078433 0.2034313725490196
1 0.6160130718954249 0.1605392156862745 0.13725490196078433 0.09558823529411764
