1 0.4091666666666667 0.8150000000000001 0.17500000000000002 0.09
1 0.4316666666666667 0.51875 0.05666666666666667 0.1325
0 0.6191666666666668 0.26875 0.18166666666666667 0.1275
1 0.9533333333333334 0.39875 0.04666666666666667 0.0975
1 0.6991666666666667 0.2575 0.028333333333333335 0.045
1 0.4841666666666667 0.5825 0.045000000000000005 0.14
1 0.5266666666666667 0.47750000000000004 0.07 0.20500000000000002
1 0.10750000000000001 0.4175 0.055 0.06
1 0.16583333333333333 0.60875 0.05166666666666667 0.0475
1 0.10166666666666667 0.58625 0.05333333333333334 0.0425
1 0.20500000000000002 0.42375 0.05666666666666667 0.0525
1 0.42833333333333334 0.38625 0.03333333333333333 0.0625
1 0.9750000000000001 0.32125 0.03666666666666667 0.0675
