1 0.5024509803921569 0.45566502463054187 0.30228758169934644 0.19211822660098524
1 0.7091503267973857 0.5295566502463054 0.17647058823529413 0.1330049261083744
2 0.6225490196078431 0.6613300492610837 0.042483660130718956 0.2684729064039409
2 0.732843137254902 0.7401477832512315 0.2303921568627451 0.16502463054187191
2 0.3741830065359477 0.5825123152709359 0.16339869281045752 0.07142857142857142
2 0.46405228758169936 0.6785714285714286 0.06862745098039216 0.09605911330049262
0 0.5457516339869282 0.6588669950738917 0.08169934640522876 0.1354679802955665
1 0.1593137254901961 0.4618226600985222 0.11274509803921569 0.1896551724137931
1 0.03594771241830066 0.41748768472906406 0.07189542483660132 0.14532019704433496
1 0.45996732026143794 0.7561576354679803 0.04411764705882353 0.04433497536945813
